Wavelength(nm)	single scattering albedo	Reflectance	Transmittance
400	0.028	0.016	0.012
401	0.028	0.016	0.012
402	0.028	0.016	0.012
403	0.028	0.016	0.012
404	0.029	0.016	0.012
405	0.029	0.016	0.013
406	0.029	0.017	0.013
407	0.030	0.017	0.013
408	0.030	0.017	0.013
409	0.030	0.017	0.013
410	0.031	0.017	0.013
411	0.031	0.018	0.013
412	0.031	0.018	0.014
413	0.032	0.018	0.014
414	0.032	0.018	0.014
415	0.032	0.018	0.014
416	0.033	0.018	0.014
417	0.033	0.019	0.014
418	0.033	0.019	0.015
419	0.034	0.019	0.015
420	0.034	0.019	0.015
421	0.034	0.019	0.015
422	0.034	0.019	0.015
423	0.034	0.019	0.015
424	0.034	0.019	0.015
425	0.034	0.019	0.015
426	0.034	0.019	0.015
427	0.034	0.019	0.015
428	0.034	0.019	0.015
429	0.035	0.019	0.015
430	0.034	0.019	0.015
431	0.034	0.019	0.015
432	0.034	0.019	0.015
433	0.034	0.019	0.015
434	0.034	0.019	0.015
435	0.034	0.019	0.015
436	0.034	0.019	0.015
437	0.034	0.019	0.015
438	0.034	0.019	0.015
439	0.035	0.019	0.015
440	0.035	0.020	0.015
441	0.035	0.020	0.015
442	0.036	0.020	0.016
443	0.036	0.020	0.016
444	0.037	0.021	0.016
445	0.037	0.021	0.016
446	0.038	0.021	0.017
447	0.039	0.022	0.017
448	0.039	0.022	0.017
449	0.040	0.023	0.018
450	0.042	0.023	0.018
451	0.043	0.024	0.019
452	0.044	0.024	0.020
453	0.045	0.025	0.020
454	0.046	0.026	0.021
455	0.048	0.026	0.021
456	0.049	0.027	0.022
457	0.050	0.028	0.022
458	0.051	0.028	0.023
459	0.052	0.029	0.023
460	0.053	0.029	0.024
461	0.054	0.030	0.024
462	0.055	0.030	0.025
463	0.055	0.030	0.025
464	0.056	0.031	0.025
465	0.057	0.031	0.026
466	0.058	0.032	0.026
467	0.058	0.032	0.026
468	0.059	0.032	0.026
469	0.059	0.033	0.027
470	0.060	0.033	0.027
471	0.060	0.033	0.027
472	0.061	0.033	0.027
473	0.061	0.033	0.028
474	0.061	0.034	0.028
475	0.062	0.034	0.028
476	0.062	0.034	0.028
477	0.062	0.034	0.028
478	0.063	0.034	0.028
479	0.063	0.034	0.028
480	0.063	0.035	0.029
481	0.064	0.035	0.029
482	0.065	0.035	0.029
483	0.065	0.036	0.030
484	0.066	0.036	0.030
485	0.067	0.037	0.031
486	0.068	0.037	0.031
487	0.070	0.038	0.032
488	0.071	0.039	0.032
489	0.073	0.040	0.033
490	0.075	0.041	0.034
491	0.077	0.042	0.035
492	0.079	0.043	0.036
493	0.081	0.044	0.037
494	0.083	0.045	0.038
495	0.086	0.046	0.040
496	0.088	0.048	0.041
497	0.091	0.049	0.042
498	0.094	0.051	0.044
499	0.098	0.052	0.045
500	0.101	0.054	0.047
501	0.105	0.056	0.049
502	0.108	0.058	0.050
503	0.112	0.060	0.052
504	0.116	0.062	0.054
505	0.121	0.064	0.057
506	0.125	0.067	0.059
507	0.130	0.069	0.061
508	0.135	0.071	0.064
509	0.140	0.074	0.066
510	0.146	0.077	0.069
511	0.151	0.080	0.072
512	0.157	0.083	0.075
513	0.164	0.086	0.078
514	0.170	0.089	0.081
515	0.176	0.092	0.084
516	0.183	0.096	0.087
517	0.190	0.099	0.091
518	0.197	0.103	0.094
519	0.204	0.106	0.098
520	0.211	0.110	0.101
521	0.218	0.114	0.105
522	0.226	0.117	0.108
523	0.233	0.121	0.112
524	0.240	0.124	0.115
525	0.246	0.128	0.119
526	0.253	0.131	0.122
527	0.259	0.134	0.125
528	0.265	0.137	0.128
529	0.271	0.140	0.131
530	0.276	0.143	0.134
531	0.281	0.145	0.136
532	0.286	0.148	0.139
533	0.291	0.150	0.141
534	0.295	0.152	0.143
535	0.299	0.154	0.145
536	0.303	0.156	0.147
537	0.306	0.158	0.148
538	0.309	0.159	0.150
539	0.312	0.161	0.151
540	0.315	0.162	0.153
541	0.318	0.164	0.154
542	0.320	0.165	0.155
543	0.323	0.166	0.157
544	0.325	0.167	0.158
545	0.327	0.168	0.159
546	0.329	0.169	0.160
547	0.332	0.171	0.161
548	0.334	0.172	0.162
549	0.336	0.173	0.163
550	0.337	0.173	0.164
551	0.339	0.174	0.165
552	0.340	0.175	0.165
553	0.341	0.175	0.166
554	0.342	0.176	0.166
555	0.342	0.176	0.166
556	0.342	0.176	0.166
557	0.341	0.175	0.166
558	0.340	0.175	0.165
559	0.338	0.174	0.164
560	0.336	0.173	0.164
561	0.334	0.172	0.162
562	0.332	0.171	0.161
563	0.329	0.169	0.160
564	0.326	0.168	0.158
565	0.323	0.166	0.157
566	0.319	0.164	0.155
567	0.315	0.162	0.153
568	0.311	0.160	0.151
569	0.307	0.158	0.149
570	0.303	0.156	0.147
571	0.299	0.154	0.145
572	0.295	0.152	0.143
573	0.291	0.150	0.141
574	0.287	0.148	0.139
575	0.283	0.146	0.137
576	0.279	0.144	0.135
577	0.276	0.142	0.133
578	0.272	0.141	0.132
579	0.269	0.139	0.130
580	0.266	0.138	0.129
581	0.264	0.136	0.127
582	0.261	0.135	0.126
583	0.259	0.134	0.125
584	0.256	0.133	0.124
585	0.254	0.132	0.123
586	0.252	0.131	0.122
587	0.250	0.130	0.121
588	0.248	0.129	0.120
589	0.247	0.128	0.119
590	0.245	0.127	0.118
591	0.244	0.126	0.117
592	0.242	0.126	0.117
593	0.241	0.125	0.116
594	0.240	0.125	0.116
595	0.239	0.124	0.115
596	0.238	0.124	0.115
597	0.237	0.123	0.114
598	0.237	0.123	0.114
599	0.236	0.122	0.113
600	0.235	0.122	0.113
601	0.234	0.121	0.112
602	0.232	0.121	0.112
603	0.231	0.120	0.111
604	0.230	0.119	0.110
605	0.228	0.118	0.110
606	0.226	0.118	0.109
607	0.224	0.117	0.108
608	0.222	0.115	0.107
609	0.220	0.114	0.106
610	0.218	0.113	0.104
611	0.215	0.112	0.103
612	0.213	0.111	0.102
613	0.210	0.110	0.101
614	0.208	0.108	0.100
615	0.206	0.107	0.099
616	0.203	0.106	0.097
617	0.201	0.105	0.096
618	0.199	0.104	0.095
619	0.197	0.103	0.094
620	0.196	0.102	0.094
621	0.194	0.101	0.093
622	0.193	0.101	0.092
623	0.192	0.100	0.092
624	0.191	0.100	0.091
625	0.190	0.099	0.091
626	0.189	0.099	0.090
627	0.189	0.099	0.090
628	0.189	0.099	0.090
629	0.188	0.098	0.090
630	0.188	0.098	0.090
631	0.187	0.098	0.089
632	0.187	0.098	0.089
633	0.186	0.097	0.089
634	0.185	0.097	0.088
635	0.183	0.096	0.087
636	0.181	0.095	0.086
637	0.179	0.094	0.085
638	0.177	0.093	0.084
639	0.174	0.091	0.083
640	0.171	0.090	0.081
641	0.168	0.088	0.080
642	0.164	0.086	0.078
643	0.161	0.085	0.076
644	0.158	0.083	0.075
645	0.154	0.081	0.073
646	0.151	0.079	0.071
647	0.148	0.078	0.070
648	0.145	0.076	0.068
649	0.142	0.075	0.067
650	0.140	0.074	0.066
651	0.138	0.073	0.065
652	0.136	0.072	0.064
653	0.134	0.071	0.063
654	0.132	0.070	0.062
655	0.130	0.069	0.061
656	0.128	0.068	0.060
657	0.125	0.066	0.059
658	0.122	0.065	0.057
659	0.119	0.063	0.056
660	0.116	0.062	0.054
661	0.112	0.060	0.052
662	0.108	0.058	0.050
663	0.104	0.056	0.048
664	0.100	0.054	0.047
665	0.096	0.052	0.045
666	0.093	0.050	0.043
667	0.090	0.048	0.041
668	0.087	0.047	0.040
669	0.084	0.046	0.039
670	0.082	0.044	0.038
671	0.080	0.043	0.037
672	0.079	0.043	0.036
673	0.078	0.042	0.036
674	0.077	0.041	0.035
675	0.076	0.041	0.035
676	0.075	0.041	0.034
677	0.075	0.041	0.035
678	0.076	0.041	0.035
679	0.077	0.042	0.035
680	0.078	0.042	0.036
681	0.081	0.044	0.037
682	0.085	0.046	0.039
683	0.090	0.049	0.042
684	0.096	0.052	0.045
685	0.104	0.056	0.048
686	0.113	0.060	0.053
687	0.123	0.065	0.058
688	0.134	0.071	0.063
689	0.147	0.077	0.069
690	0.160	0.084	0.076
691	0.175	0.092	0.083
692	0.192	0.100	0.092
693	0.209	0.109	0.100
694	0.228	0.118	0.109
695	0.247	0.128	0.119
696	0.267	0.138	0.129
697	0.287	0.148	0.139
698	0.308	0.159	0.149
699	0.329	0.169	0.160
700	0.350	0.180	0.170
701	0.371	0.190	0.181
702	0.392	0.201	0.191
703	0.412	0.211	0.201
704	0.432	0.221	0.211
705	0.451	0.230	0.220
706	0.469	0.239	0.230
707	0.487	0.248	0.239
708	0.504	0.257	0.247
709	0.521	0.266	0.256
710	0.538	0.274	0.264
711	0.554	0.282	0.272
712	0.569	0.290	0.280
713	0.585	0.297	0.287
714	0.600	0.305	0.295
715	0.614	0.312	0.302
716	0.629	0.319	0.309
717	0.643	0.326	0.316
718	0.656	0.333	0.323
719	0.669	0.340	0.330
720	0.682	0.346	0.336
721	0.695	0.352	0.342
722	0.707	0.358	0.348
723	0.718	0.364	0.354
724	0.730	0.370	0.360
725	0.740	0.375	0.365
726	0.751	0.381	0.370
727	0.761	0.386	0.375
728	0.770	0.390	0.380
729	0.779	0.395	0.385
730	0.788	0.399	0.389
731	0.796	0.403	0.393
732	0.804	0.407	0.397
733	0.811	0.411	0.400
734	0.818	0.414	0.404
735	0.824	0.417	0.407
736	0.830	0.420	0.410
737	0.836	0.423	0.413
738	0.841	0.426	0.415
739	0.846	0.428	0.418
740	0.850	0.430	0.420
741	0.854	0.432	0.422
742	0.858	0.434	0.424
743	0.861	0.436	0.426
744	0.865	0.437	0.427
745	0.867	0.439	0.429
746	0.870	0.440	0.430
747	0.872	0.441	0.431
748	0.875	0.442	0.432
749	0.876	0.443	0.433
750	0.878	0.444	0.434
751	0.880	0.445	0.435
752	0.881	0.446	0.435
753	0.883	0.447	0.436
754	0.885	0.447	0.437
755	0.886	0.448	0.438
756	0.888	0.449	0.439
757	0.889	0.450	0.439
758	0.891	0.451	0.440
759	0.892	0.451	0.441
760	0.894	0.452	0.442
761	0.895	0.453	0.442
762	0.897	0.454	0.443
763	0.898	0.454	0.444
764	0.899	0.455	0.445
765	0.901	0.456	0.445
766	0.902	0.456	0.446
767	0.903	0.457	0.446
768	0.904	0.457	0.447
769	0.905	0.458	0.447
770	0.906	0.458	0.448
771	0.907	0.459	0.448
772	0.908	0.459	0.449
773	0.909	0.459	0.449
774	0.909	0.460	0.449
775	0.910	0.460	0.450
776	0.910	0.460	0.450
777	0.911	0.461	0.450
778	0.911	0.461	0.450
779	0.911	0.461	0.450
780	0.911	0.461	0.450
781	0.911	0.461	0.450
782	0.911	0.461	0.450
783	0.911	0.461	0.450
784	0.911	0.461	0.450
785	0.911	0.461	0.450
786	0.911	0.461	0.450
787	0.911	0.461	0.450
788	0.911	0.461	0.450
789	0.911	0.461	0.450
790	0.911	0.461	0.451
791	0.911	0.461	0.451
792	0.911	0.461	0.451
793	0.911	0.461	0.451
794	0.911	0.461	0.451
795	0.911	0.461	0.451
796	0.911	0.461	0.451
797	0.911	0.461	0.451
798	0.911	0.461	0.451
799	0.911	0.461	0.451
800	0.911	0.461	0.451
801	0.911	0.461	0.451
802	0.911	0.461	0.451
803	0.911	0.461	0.451
804	0.911	0.461	0.451
805	0.911	0.461	0.451
806	0.911	0.461	0.451
807	0.911	0.461	0.451
808	0.912	0.461	0.451
809	0.911	0.461	0.451
810	0.911	0.461	0.451
811	0.911	0.461	0.451
812	0.911	0.461	0.451
813	0.911	0.461	0.451
814	0.911	0.461	0.451
815	0.911	0.461	0.451
816	0.911	0.461	0.451
817	0.911	0.461	0.451
818	0.911	0.461	0.451
819	0.911	0.461	0.451
820	0.911	0.461	0.451
821	0.911	0.461	0.451
822	0.911	0.461	0.451
823	0.911	0.461	0.450
824	0.911	0.461	0.450
825	0.911	0.461	0.450
826	0.911	0.461	0.450
827	0.911	0.461	0.450
828	0.911	0.461	0.450
829	0.911	0.461	0.450
830	0.911	0.461	0.450
831	0.911	0.461	0.450
832	0.911	0.461	0.450
833	0.911	0.461	0.450
834	0.911	0.460	0.450
835	0.911	0.460	0.450
836	0.911	0.460	0.450
837	0.911	0.460	0.450
838	0.911	0.460	0.450
839	0.911	0.460	0.450
840	0.910	0.460	0.450
841	0.910	0.460	0.450
842	0.910	0.460	0.450
843	0.910	0.460	0.450
844	0.910	0.460	0.450
845	0.910	0.460	0.450
846	0.910	0.460	0.450
847	0.910	0.460	0.450
848	0.910	0.460	0.450
849	0.910	0.460	0.450
850	0.910	0.460	0.450
851	0.910	0.460	0.450
852	0.910	0.460	0.450
853	0.910	0.460	0.450
854	0.910	0.460	0.450
855	0.910	0.460	0.450
856	0.910	0.460	0.450
857	0.910	0.460	0.450
858	0.910	0.460	0.450
859	0.910	0.460	0.450
860	0.910	0.460	0.450
861	0.910	0.460	0.450
862	0.910	0.460	0.450
863	0.910	0.460	0.450
864	0.910	0.460	0.450
865	0.910	0.460	0.450
866	0.910	0.460	0.450
867	0.910	0.460	0.450
868	0.910	0.460	0.450
869	0.910	0.460	0.450
870	0.910	0.460	0.450
871	0.910	0.460	0.450
872	0.910	0.460	0.450
873	0.910	0.460	0.450
874	0.910	0.460	0.450
875	0.910	0.460	0.450
876	0.910	0.460	0.450
877	0.910	0.460	0.450
878	0.910	0.460	0.450
879	0.910	0.460	0.450
880	0.910	0.460	0.450
881	0.910	0.460	0.450
882	0.910	0.460	0.450
883	0.910	0.460	0.450
884	0.910	0.460	0.450
885	0.910	0.460	0.450
886	0.910	0.460	0.450
887	0.910	0.460	0.450
888	0.909	0.460	0.450
889	0.909	0.460	0.450
890	0.909	0.460	0.450
891	0.909	0.460	0.450
892	0.909	0.460	0.449
893	0.909	0.460	0.449
894	0.909	0.460	0.449
895	0.909	0.460	0.449
896	0.909	0.460	0.449
897	0.909	0.460	0.449
898	0.909	0.460	0.449
899	0.909	0.460	0.449
900	0.909	0.460	0.449
901	0.909	0.460	0.449
902	0.909	0.460	0.449
903	0.909	0.460	0.449
904	0.909	0.460	0.449
905	0.909	0.460	0.449
906	0.909	0.460	0.449
907	0.909	0.460	0.449
908	0.909	0.460	0.449
909	0.909	0.460	0.449
910	0.909	0.460	0.449
911	0.909	0.459	0.449
912	0.909	0.459	0.449
913	0.908	0.459	0.449
914	0.908	0.459	0.449
915	0.908	0.459	0.449
916	0.908	0.459	0.449
917	0.908	0.459	0.449
918	0.908	0.459	0.449
919	0.908	0.459	0.449
920	0.908	0.459	0.449
921	0.908	0.459	0.449
922	0.907	0.459	0.449
923	0.907	0.459	0.448
924	0.907	0.459	0.448
925	0.907	0.459	0.448
926	0.907	0.459	0.448
927	0.907	0.458	0.448
928	0.906	0.458	0.448
929	0.906	0.458	0.448
930	0.906	0.458	0.448
931	0.905	0.458	0.448
932	0.905	0.458	0.447
933	0.905	0.458	0.447
934	0.905	0.458	0.447
935	0.904	0.457	0.447
936	0.904	0.457	0.447
937	0.903	0.457	0.447
938	0.903	0.457	0.446
939	0.903	0.457	0.446
940	0.902	0.456	0.446
941	0.902	0.456	0.446
942	0.901	0.456	0.445
943	0.901	0.456	0.445
944	0.900	0.455	0.445
945	0.900	0.455	0.445
946	0.899	0.455	0.444
947	0.899	0.455	0.444
948	0.898	0.454	0.444
949	0.897	0.454	0.444
950	0.896	0.453	0.443
951	0.895	0.453	0.442
952	0.894	0.452	0.442
953	0.893	0.452	0.441
954	0.892	0.451	0.441
955	0.891	0.451	0.441
956	0.891	0.450	0.440
957	0.890	0.450	0.440
958	0.889	0.450	0.439
959	0.889	0.450	0.439
960	0.888	0.449	0.439
961	0.887	0.449	0.438
962	0.887	0.449	0.438
963	0.887	0.449	0.438
964	0.887	0.448	0.438
965	0.886	0.448	0.438
966	0.886	0.448	0.438
967	0.886	0.448	0.438
968	0.886	0.448	0.438
969	0.886	0.448	0.438
970	0.886	0.448	0.438
971	0.886	0.448	0.438
972	0.886	0.448	0.438
973	0.886	0.448	0.438
974	0.885	0.448	0.438
975	0.885	0.448	0.438
976	0.885	0.448	0.438
977	0.885	0.448	0.438
978	0.886	0.448	0.438
979	0.886	0.448	0.438
980	0.886	0.448	0.438
981	0.886	0.448	0.438
982	0.886	0.448	0.438
983	0.886	0.448	0.438
984	0.886	0.448	0.438
985	0.886	0.448	0.438
986	0.886	0.448	0.438
987	0.887	0.449	0.438
988	0.887	0.449	0.438
989	0.887	0.449	0.438
990	0.887	0.449	0.438
991	0.888	0.449	0.439
992	0.888	0.449	0.439
993	0.888	0.449	0.439
994	0.888	0.449	0.439
995	0.888	0.449	0.439
996	0.889	0.450	0.439
997	0.889	0.450	0.439
998	0.889	0.450	0.439
999	0.890	0.450	0.440
1000	0.890	0.450	0.440
1001	0.890	0.450	0.440
1002	0.890	0.450	0.440
1003	0.891	0.450	0.440
1004	0.891	0.451	0.440
1005	0.891	0.451	0.440
1006	0.892	0.451	0.441
1007	0.892	0.451	0.441
1008	0.892	0.451	0.441
1009	0.893	0.451	0.441
1010	0.893	0.452	0.441
1011	0.893	0.452	0.441
1012	0.894	0.452	0.442
1013	0.894	0.452	0.442
1014	0.894	0.452	0.442
1015	0.894	0.452	0.442
1016	0.895	0.452	0.442
1017	0.895	0.453	0.442
1018	0.895	0.453	0.442
1019	0.896	0.453	0.443
1020	0.896	0.453	0.443
1021	0.896	0.453	0.443
1022	0.897	0.453	0.443
1023	0.897	0.454	0.443
1024	0.897	0.454	0.443
1025	0.898	0.454	0.444
1026	0.898	0.454	0.444
1027	0.898	0.454	0.444
1028	0.898	0.454	0.444
1029	0.899	0.455	0.444
1030	0.899	0.455	0.444
1031	0.899	0.455	0.445
1032	0.899	0.455	0.445
1033	0.900	0.455	0.445
1034	0.900	0.455	0.445
1035	0.900	0.455	0.445
1036	0.900	0.455	0.445
1037	0.901	0.456	0.445
1038	0.901	0.456	0.445
1039	0.901	0.456	0.445
1040	0.901	0.456	0.446
1041	0.902	0.456	0.446
1042	0.902	0.456	0.446
1043	0.902	0.456	0.446
1044	0.902	0.456	0.446
1045	0.902	0.456	0.446
1046	0.903	0.456	0.446
1047	0.903	0.457	0.446
1048	0.903	0.457	0.446
1049	0.903	0.457	0.446
1050	0.903	0.457	0.446
1051	0.903	0.457	0.447
1052	0.904	0.457	0.447
1053	0.904	0.457	0.447
1054	0.904	0.457	0.447
1055	0.904	0.457	0.447
1056	0.904	0.457	0.447
1057	0.904	0.457	0.447
1058	0.904	0.457	0.447
1059	0.904	0.457	0.447
1060	0.904	0.457	0.447
1061	0.904	0.457	0.447
1062	0.904	0.457	0.447
1063	0.904	0.457	0.447
1064	0.905	0.457	0.447
1065	0.905	0.457	0.447
1066	0.905	0.457	0.447
1067	0.905	0.457	0.447
1068	0.905	0.458	0.447
1069	0.905	0.458	0.447
1070	0.905	0.458	0.447
1071	0.905	0.458	0.447
1072	0.905	0.458	0.447
1073	0.905	0.458	0.447
1074	0.905	0.458	0.447
1075	0.905	0.457	0.447
1076	0.905	0.457	0.447
1077	0.905	0.457	0.447
1078	0.905	0.457	0.447
1079	0.905	0.457	0.447
1080	0.904	0.457	0.447
1081	0.904	0.457	0.447
1082	0.904	0.457	0.447
1083	0.904	0.457	0.447
1084	0.904	0.457	0.447
1085	0.904	0.457	0.447
1086	0.904	0.457	0.447
1087	0.904	0.457	0.447
1088	0.904	0.457	0.447
1089	0.904	0.457	0.447
1090	0.903	0.457	0.447
1091	0.903	0.457	0.446
1092	0.903	0.457	0.446
1093	0.903	0.457	0.446
1094	0.903	0.457	0.446
1095	0.903	0.457	0.446
1096	0.903	0.456	0.446
1097	0.902	0.456	0.446
1098	0.902	0.456	0.446
1099	0.902	0.456	0.446
1100	0.902	0.456	0.446
1101	0.902	0.456	0.446
1102	0.902	0.456	0.446
1103	0.901	0.456	0.445
1104	0.901	0.456	0.445
1105	0.901	0.456	0.445
1106	0.901	0.456	0.445
1107	0.901	0.455	0.445
1108	0.900	0.455	0.445
1109	0.900	0.455	0.445
1110	0.900	0.455	0.445
1111	0.900	0.455	0.445
1112	0.900	0.455	0.445
1113	0.899	0.455	0.445
1114	0.899	0.455	0.445
1115	0.899	0.455	0.445
1116	0.899	0.455	0.445
1117	0.899	0.455	0.444
1118	0.899	0.455	0.444
1119	0.899	0.454	0.444
1120	0.898	0.454	0.444
1121	0.898	0.454	0.444
1122	0.898	0.454	0.444
1123	0.897	0.454	0.443
1124	0.897	0.454	0.443
1125	0.897	0.454	0.443
1126	0.896	0.453	0.443
1127	0.896	0.453	0.443
1128	0.895	0.453	0.442
1129	0.894	0.452	0.442
1130	0.894	0.452	0.442
1131	0.893	0.452	0.441
1132	0.891	0.451	0.441
1133	0.890	0.450	0.440
1134	0.889	0.449	0.439
1135	0.887	0.449	0.439
1136	0.886	0.448	0.438
1137	0.885	0.448	0.437
1138	0.884	0.447	0.437
1139	0.882	0.446	0.436
1140	0.879	0.445	0.434
1141	0.877	0.443	0.433
1142	0.875	0.443	0.432
1143	0.873	0.442	0.431
1144	0.871	0.441	0.430
1145	0.868	0.439	0.429
1146	0.866	0.438	0.428
1147	0.864	0.437	0.427
1148	0.862	0.436	0.426
1149	0.861	0.436	0.425
1150	0.860	0.435	0.425
1151	0.858	0.434	0.424
1152	0.856	0.433	0.423
1153	0.855	0.432	0.422
1154	0.853	0.432	0.421
1155	0.852	0.431	0.421
1156	0.852	0.431	0.421
1157	0.851	0.431	0.420
1158	0.851	0.430	0.420
1159	0.850	0.430	0.420
1160	0.850	0.430	0.420
1161	0.849	0.430	0.419
1162	0.849	0.429	0.419
1163	0.848	0.429	0.419
1164	0.848	0.429	0.419
1165	0.848	0.429	0.419
1166	0.848	0.429	0.419
1167	0.848	0.429	0.419
1168	0.848	0.429	0.419
1169	0.848	0.429	0.419
1170	0.848	0.429	0.419
1171	0.848	0.429	0.419
1172	0.847	0.429	0.418
1173	0.847	0.428	0.418
1174	0.846	0.428	0.418
1175	0.847	0.428	0.418
1176	0.847	0.429	0.418
1177	0.847	0.428	0.418
1178	0.847	0.428	0.418
1179	0.846	0.428	0.418
1180	0.846	0.428	0.418
1181	0.846	0.428	0.418
1182	0.846	0.428	0.418
1183	0.846	0.428	0.418
1184	0.846	0.428	0.418
1185	0.845	0.428	0.418
1186	0.845	0.428	0.418
1187	0.845	0.428	0.417
1188	0.845	0.428	0.417
1189	0.845	0.428	0.417
1190	0.845	0.428	0.417
1191	0.845	0.427	0.417
1192	0.845	0.427	0.417
1193	0.844	0.427	0.417
1194	0.844	0.427	0.417
1195	0.844	0.427	0.417
1196	0.844	0.427	0.417
1197	0.844	0.427	0.417
1198	0.844	0.427	0.417
1199	0.844	0.427	0.417
1200	0.845	0.427	0.417
1201	0.845	0.428	0.417
1202	0.845	0.428	0.417
1203	0.845	0.427	0.417
1204	0.844	0.427	0.417
1205	0.845	0.427	0.417
1206	0.845	0.428	0.417
1207	0.845	0.428	0.417
1208	0.845	0.428	0.417
1209	0.845	0.428	0.417
1210	0.845	0.428	0.417
1211	0.845	0.428	0.417
1212	0.845	0.428	0.418
1213	0.845	0.428	0.418
1214	0.845	0.428	0.418
1215	0.845	0.428	0.417
1216	0.845	0.428	0.418
1217	0.846	0.428	0.418
1218	0.846	0.428	0.418
1219	0.846	0.428	0.418
1220	0.846	0.428	0.418
1221	0.846	0.428	0.418
1222	0.846	0.428	0.418
1223	0.846	0.428	0.418
1224	0.846	0.428	0.418
1225	0.846	0.428	0.418
1226	0.846	0.428	0.418
1227	0.846	0.428	0.418
1228	0.846	0.428	0.418
1229	0.846	0.428	0.418
1230	0.846	0.428	0.418
1231	0.846	0.428	0.418
1232	0.846	0.428	0.418
1233	0.846	0.428	0.418
1234	0.846	0.428	0.418
1235	0.846	0.428	0.418
1236	0.846	0.428	0.418
1237	0.846	0.428	0.418
1238	0.846	0.428	0.418
1239	0.846	0.428	0.418
1240	0.846	0.428	0.418
1241	0.846	0.428	0.418
1242	0.846	0.428	0.418
1243	0.846	0.428	0.418
1244	0.846	0.428	0.418
1245	0.846	0.428	0.418
1246	0.846	0.428	0.418
1247	0.846	0.428	0.418
1248	0.846	0.428	0.418
1249	0.846	0.428	0.418
1250	0.846	0.428	0.418
1251	0.846	0.428	0.418
1252	0.846	0.428	0.418
1253	0.846	0.428	0.418
1254	0.846	0.428	0.418
1255	0.846	0.428	0.418
1256	0.845	0.428	0.418
1257	0.845	0.428	0.417
1258	0.845	0.428	0.417
1259	0.845	0.428	0.417
1260	0.845	0.428	0.417
1261	0.845	0.428	0.417
1262	0.845	0.428	0.417
1263	0.845	0.428	0.417
1264	0.845	0.428	0.417
1265	0.845	0.427	0.417
1266	0.845	0.427	0.417
1267	0.844	0.427	0.417
1268	0.844	0.427	0.417
1269	0.844	0.427	0.417
1270	0.844	0.427	0.417
1271	0.844	0.427	0.417
1272	0.843	0.427	0.417
1273	0.843	0.427	0.416
1274	0.842	0.426	0.416
1275	0.842	0.426	0.416
1276	0.842	0.426	0.416
1277	0.841	0.426	0.416
1278	0.841	0.426	0.415
1279	0.841	0.426	0.415
1280	0.841	0.425	0.415
1281	0.840	0.425	0.415
1282	0.840	0.425	0.415
1283	0.839	0.425	0.414
1284	0.838	0.424	0.414
1285	0.838	0.424	0.414
1286	0.837	0.424	0.414
1287	0.837	0.424	0.413
1288	0.837	0.424	0.413
1289	0.836	0.423	0.413
1290	0.836	0.423	0.413
1291	0.835	0.423	0.413
1292	0.835	0.423	0.412
1293	0.834	0.422	0.412
1294	0.834	0.422	0.412
1295	0.833	0.422	0.411
1296	0.832	0.421	0.411
1297	0.831	0.421	0.411
1298	0.831	0.421	0.410
1299	0.830	0.420	0.410
1300	0.830	0.420	0.410
1301	0.829	0.420	0.409
1302	0.828	0.419	0.409
1303	0.828	0.419	0.409
1304	0.827	0.419	0.408
1305	0.826	0.418	0.408
1306	0.825	0.418	0.407
1307	0.824	0.417	0.407
1308	0.823	0.417	0.406
1309	0.822	0.416	0.406
1310	0.821	0.416	0.405
1311	0.820	0.415	0.405
1312	0.819	0.415	0.404
1313	0.817	0.414	0.404
1314	0.816	0.413	0.403
1315	0.815	0.413	0.402
1316	0.813	0.412	0.402
1317	0.812	0.411	0.401
1318	0.811	0.410	0.400
1319	0.809	0.410	0.399
1320	0.807	0.409	0.398
1321	0.805	0.408	0.398
1322	0.804	0.407	0.397
1323	0.802	0.406	0.396
1324	0.801	0.405	0.395
1325	0.800	0.405	0.395
1326	0.798	0.404	0.394
1327	0.796	0.403	0.393
1328	0.793	0.402	0.391
1329	0.791	0.401	0.390
1330	0.789	0.400	0.390
1331	0.788	0.399	0.389
1332	0.786	0.398	0.388
1333	0.784	0.397	0.387
1334	0.781	0.396	0.386
1335	0.779	0.394	0.384
1336	0.776	0.393	0.383
1337	0.774	0.392	0.382
1338	0.772	0.391	0.381
1339	0.770	0.390	0.380
1340	0.769	0.389	0.379
1341	0.767	0.389	0.378
1342	0.765	0.387	0.377
1343	0.763	0.386	0.376
1344	0.760	0.385	0.375
1345	0.757	0.384	0.373
1346	0.754	0.382	0.372
1347	0.751	0.380	0.370
1348	0.748	0.379	0.369
1349	0.746	0.378	0.368
1350	0.744	0.377	0.367
1351	0.742	0.376	0.366
1352	0.740	0.375	0.365
1353	0.737	0.374	0.364
1354	0.735	0.373	0.362
1355	0.733	0.372	0.362
1356	0.731	0.371	0.360
1357	0.729	0.370	0.360
1358	0.727	0.369	0.358
1359	0.726	0.368	0.358
1360	0.725	0.368	0.358
1361	0.724	0.367	0.357
1362	0.722	0.366	0.356
1363	0.719	0.365	0.355
1364	0.717	0.364	0.354
1365	0.715	0.363	0.352
1366	0.712	0.361	0.351
1367	0.710	0.360	0.350
1368	0.707	0.359	0.348
1369	0.704	0.357	0.347
1370	0.700	0.355	0.345
1371	0.695	0.353	0.343
1372	0.690	0.350	0.340
1373	0.686	0.348	0.338
1374	0.680	0.345	0.335
1375	0.673	0.342	0.331
1376	0.667	0.339	0.329
1377	0.661	0.335	0.325
1378	0.654	0.332	0.322
1379	0.646	0.328	0.318
1380	0.641	0.325	0.315
1381	0.631	0.321	0.311
1382	0.622	0.316	0.306
1383	0.612	0.311	0.301
1384	0.603	0.306	0.296
1385	0.591	0.301	0.290
1386	0.579	0.295	0.285
1387	0.568	0.289	0.279
1388	0.555	0.282	0.272
1389	0.545	0.278	0.268
1390	0.532	0.271	0.261
1391	0.521	0.265	0.255
1392	0.509	0.259	0.250
1393	0.498	0.254	0.244
1394	0.486	0.248	0.238
1395	0.477	0.243	0.233
1396	0.466	0.238	0.228
1397	0.455	0.232	0.223
1398	0.445	0.227	0.218
1399	0.435	0.222	0.213
1400	0.426	0.218	0.208
1401	0.417	0.213	0.204
1402	0.408	0.209	0.199
1403	0.400	0.205	0.195
1404	0.393	0.201	0.192
1405	0.387	0.198	0.189
1406	0.380	0.195	0.185
1407	0.374	0.192	0.182
1408	0.368	0.189	0.179
1409	0.362	0.186	0.176
1410	0.357	0.183	0.174
1411	0.352	0.181	0.171
1412	0.347	0.178	0.169
1413	0.343	0.176	0.167
1414	0.339	0.174	0.165
1415	0.336	0.173	0.163
1416	0.332	0.171	0.161
1417	0.329	0.169	0.160
1418	0.326	0.168	0.158
1419	0.323	0.166	0.157
1420	0.320	0.165	0.155
1421	0.318	0.164	0.154
1422	0.315	0.162	0.153
1423	0.313	0.161	0.152
1424	0.311	0.160	0.151
1425	0.309	0.159	0.150
1426	0.307	0.158	0.149
1427	0.305	0.157	0.148
1428	0.304	0.156	0.147
1429	0.302	0.156	0.146
1430	0.301	0.155	0.146
1431	0.299	0.154	0.145
1432	0.298	0.154	0.144
1433	0.297	0.153	0.144
1434	0.296	0.153	0.143
1435	0.295	0.152	0.143
1436	0.294	0.152	0.142
1437	0.293	0.151	0.142
1438	0.293	0.151	0.142
1439	0.292	0.151	0.141
1440	0.291	0.150	0.141
1441	0.291	0.150	0.141
1442	0.290	0.150	0.141
1443	0.290	0.150	0.140
1444	0.290	0.150	0.140
1445	0.290	0.149	0.140
1446	0.289	0.149	0.140
1447	0.289	0.149	0.140
1448	0.289	0.149	0.140
1449	0.289	0.149	0.140
1450	0.289	0.149	0.140
1451	0.289	0.149	0.140
1452	0.290	0.149	0.140
1453	0.290	0.149	0.140
1454	0.290	0.150	0.140
1455	0.290	0.150	0.140
1456	0.291	0.150	0.141
1457	0.291	0.150	0.141
1458	0.292	0.150	0.141
1459	0.292	0.151	0.141
1460	0.292	0.151	0.142
1461	0.293	0.151	0.142
1462	0.294	0.152	0.142
1463	0.295	0.152	0.143
1464	0.296	0.153	0.144
1465	0.298	0.153	0.144
1466	0.299	0.154	0.145
1467	0.301	0.155	0.146
1468	0.302	0.156	0.146
1469	0.304	0.156	0.147
1470	0.306	0.157	0.148
1471	0.307	0.158	0.149
1472	0.309	0.159	0.150
1473	0.311	0.160	0.151
1474	0.313	0.161	0.152
1475	0.315	0.162	0.153
1476	0.317	0.163	0.154
1477	0.319	0.164	0.155
1478	0.321	0.165	0.156
1479	0.324	0.166	0.157
1480	0.326	0.168	0.158
1481	0.328	0.169	0.159
1482	0.330	0.170	0.160
1483	0.332	0.171	0.161
1484	0.335	0.172	0.163
1485	0.337	0.173	0.164
1486	0.339	0.174	0.165
1487	0.341	0.175	0.166
1488	0.343	0.176	0.167
1489	0.346	0.178	0.168
1490	0.348	0.179	0.169
1491	0.351	0.180	0.171
1492	0.354	0.182	0.172
1493	0.356	0.183	0.173
1494	0.358	0.184	0.174
1495	0.362	0.186	0.176
1496	0.364	0.187	0.177
1497	0.367	0.188	0.179
1498	0.370	0.190	0.180
1499	0.372	0.191	0.181
1500	0.375	0.192	0.183
1501	0.377	0.193	0.184
1502	0.380	0.195	0.185
1503	0.383	0.196	0.187
1504	0.386	0.198	0.188
1505	0.389	0.199	0.190
1506	0.391	0.200	0.191
1507	0.394	0.202	0.192
1508	0.396	0.203	0.193
1509	0.399	0.204	0.195
1510	0.402	0.206	0.196
1511	0.405	0.207	0.197
1512	0.407	0.209	0.199
1513	0.410	0.210	0.200
1514	0.413	0.211	0.201
1515	0.416	0.213	0.203
1516	0.418	0.214	0.204
1517	0.421	0.215	0.206
1518	0.424	0.217	0.207
1519	0.426	0.218	0.208
1520	0.429	0.219	0.210
1521	0.432	0.221	0.211
1522	0.434	0.222	0.212
1523	0.437	0.223	0.214
1524	0.440	0.225	0.215
1525	0.442	0.226	0.216
1526	0.445	0.227	0.218
1527	0.448	0.229	0.219
1528	0.450	0.230	0.220
1529	0.452	0.231	0.221
1530	0.455	0.232	0.222
1531	0.458	0.234	0.224
1532	0.460	0.235	0.225
1533	0.462	0.236	0.226
1534	0.465	0.237	0.228
1535	0.468	0.239	0.229
1536	0.470	0.240	0.230
1537	0.472	0.241	0.231
1538	0.474	0.242	0.232
1539	0.477	0.243	0.234
1540	0.479	0.245	0.235
1541	0.481	0.246	0.236
1542	0.484	0.247	0.237
1543	0.486	0.248	0.238
1544	0.489	0.249	0.239
1545	0.491	0.250	0.240
1546	0.493	0.251	0.241
1547	0.495	0.253	0.243
1548	0.498	0.254	0.244
1549	0.500	0.255	0.245
1550	0.502	0.256	0.246
1551	0.504	0.257	0.247
1552	0.506	0.258	0.248
1553	0.508	0.259	0.249
1554	0.510	0.260	0.250
1555	0.512	0.261	0.251
1556	0.514	0.262	0.252
1557	0.516	0.263	0.253
1558	0.517	0.264	0.254
1559	0.519	0.264	0.254
1560	0.520	0.265	0.255
1561	0.522	0.266	0.256
1562	0.524	0.267	0.257
1563	0.526	0.268	0.258
1564	0.527	0.269	0.259
1565	0.529	0.269	0.260
1566	0.530	0.270	0.260
1567	0.532	0.271	0.261
1568	0.534	0.272	0.262
1569	0.535	0.273	0.263
1570	0.537	0.273	0.263
1571	0.538	0.274	0.264
1572	0.540	0.275	0.265
1573	0.542	0.276	0.266
1574	0.543	0.277	0.267
1575	0.545	0.277	0.267
1576	0.547	0.278	0.268
1577	0.548	0.279	0.269
1578	0.549	0.280	0.270
1579	0.551	0.280	0.270
1580	0.552	0.281	0.271
1581	0.554	0.282	0.272
1582	0.555	0.283	0.273
1583	0.557	0.284	0.274
1584	0.558	0.284	0.274
1585	0.560	0.285	0.275
1586	0.561	0.286	0.276
1587	0.563	0.286	0.276
1588	0.564	0.287	0.277
1589	0.565	0.288	0.278
1590	0.566	0.288	0.278
1591	0.568	0.289	0.279
1592	0.570	0.290	0.280
1593	0.571	0.291	0.281
1594	0.573	0.292	0.282
1595	0.575	0.292	0.282
1596	0.575	0.293	0.283
1597	0.577	0.293	0.283
1598	0.578	0.294	0.284
1599	0.579	0.295	0.285
1600	0.581	0.295	0.285
1601	0.582	0.296	0.286
1602	0.583	0.296	0.286
1603	0.584	0.297	0.287
1604	0.586	0.298	0.288
1605	0.587	0.298	0.288
1606	0.588	0.299	0.289
1607	0.589	0.299	0.289
1608	0.590	0.300	0.290
1609	0.591	0.300	0.290
1610	0.591	0.301	0.291
1611	0.593	0.301	0.291
1612	0.593	0.302	0.292
1613	0.595	0.302	0.292
1614	0.596	0.303	0.293
1615	0.597	0.303	0.293
1616	0.597	0.304	0.294
1617	0.598	0.304	0.294
1618	0.599	0.304	0.294
1619	0.600	0.305	0.295
1620	0.601	0.305	0.295
1621	0.602	0.306	0.296
1622	0.602	0.306	0.296
1623	0.603	0.307	0.297
1624	0.605	0.307	0.297
1625	0.605	0.308	0.298
1626	0.606	0.308	0.298
1627	0.607	0.308	0.298
1628	0.607	0.309	0.299
1629	0.608	0.309	0.299
1630	0.609	0.309	0.299
1631	0.609	0.310	0.300
1632	0.609	0.310	0.300
1633	0.610	0.310	0.300
1634	0.611	0.311	0.300
1635	0.612	0.311	0.301
1636	0.612	0.311	0.301
1637	0.613	0.311	0.301
1638	0.613	0.312	0.302
1639	0.614	0.312	0.302
1640	0.614	0.312	0.302
1641	0.615	0.312	0.302
1642	0.615	0.313	0.303
1643	0.616	0.313	0.303
1644	0.616	0.313	0.303
1645	0.617	0.314	0.304
1646	0.617	0.314	0.304
1647	0.618	0.314	0.304
1648	0.618	0.314	0.304
1649	0.619	0.315	0.304
1650	0.619	0.315	0.304
1651	0.619	0.315	0.305
1652	0.619	0.314	0.304
1653	0.620	0.315	0.305
1654	0.619	0.314	0.304
1655	0.619	0.315	0.304
1656	0.619	0.314	0.304
1657	0.619	0.314	0.304
1658	0.618	0.314	0.304
1659	0.618	0.314	0.304
1660	0.617	0.314	0.304
1661	0.617	0.314	0.304
1662	0.617	0.313	0.303
1663	0.616	0.313	0.303
1664	0.616	0.313	0.303
1665	0.616	0.313	0.303
1666	0.615	0.312	0.302
1667	0.615	0.312	0.302
1668	0.614	0.312	0.302
1669	0.614	0.312	0.302
1670	0.614	0.312	0.302
1671	0.616	0.313	0.303
1672	0.615	0.312	0.302
1673	0.615	0.312	0.302
1674	0.614	0.312	0.302
1675	0.613	0.312	0.302
1676	0.612	0.311	0.301
1677	0.612	0.311	0.301
1678	0.611	0.311	0.301
1679	0.611	0.310	0.300
1680	0.610	0.310	0.300
1681	0.609	0.310	0.300
1682	0.608	0.309	0.299
1683	0.608	0.309	0.299
1684	0.607	0.309	0.298
1685	0.606	0.308	0.298
1686	0.605	0.308	0.298
1687	0.605	0.307	0.297
1688	0.603	0.307	0.297
1689	0.603	0.307	0.296
1690	0.602	0.306	0.296
1691	0.601	0.306	0.296
1692	0.601	0.305	0.295
1693	0.600	0.305	0.295
1694	0.599	0.305	0.294
1695	0.598	0.304	0.294
1696	0.597	0.304	0.294
1697	0.597	0.303	0.293
1698	0.596	0.303	0.293
1699	0.595	0.302	0.292
1700	0.593	0.302	0.292
1701	0.593	0.301	0.291
1702	0.591	0.301	0.291
1703	0.591	0.300	0.290
1704	0.590	0.300	0.290
1705	0.589	0.300	0.289
1706	0.588	0.299	0.289
1707	0.587	0.299	0.289
1708	0.586	0.298	0.288
1709	0.585	0.298	0.288
1710	0.584	0.297	0.287
1711	0.583	0.297	0.287
1712	0.582	0.296	0.286
1713	0.582	0.296	0.286
1714	0.581	0.295	0.285
1715	0.580	0.295	0.285
1716	0.579	0.295	0.285
1717	0.578	0.294	0.284
1718	0.577	0.294	0.284
1719	0.577	0.293	0.283
1720	0.575	0.293	0.283
1721	0.575	0.292	0.282
1722	0.574	0.292	0.282
1723	0.573	0.292	0.282
1724	0.572	0.291	0.281
1725	0.572	0.291	0.281
1726	0.571	0.290	0.280
1727	0.570	0.290	0.280
1728	0.570	0.290	0.280
1729	0.569	0.290	0.280
1730	0.569	0.289	0.279
1731	0.568	0.289	0.279
1732	0.568	0.289	0.279
1733	0.568	0.289	0.279
1734	0.567	0.288	0.278
1735	0.567	0.288	0.278
1736	0.567	0.288	0.278
1737	0.566	0.288	0.278
1738	0.565	0.288	0.278
1739	0.565	0.287	0.277
1740	0.564	0.287	0.277
1741	0.563	0.287	0.277
1742	0.563	0.286	0.276
1743	0.562	0.286	0.276
1744	0.561	0.285	0.275
1745	0.560	0.285	0.275
1746	0.559	0.284	0.274
1747	0.558	0.284	0.274
1748	0.557	0.283	0.273
1749	0.556	0.283	0.273
1750	0.555	0.282	0.272
1751	0.553	0.282	0.272
1752	0.552	0.281	0.271
1753	0.551	0.280	0.270
1754	0.550	0.280	0.270
1755	0.549	0.279	0.269
1756	0.547	0.279	0.269
1757	0.546	0.278	0.268
1758	0.545	0.278	0.268
1759	0.544	0.277	0.267
1760	0.543	0.276	0.266
1761	0.542	0.276	0.266
1762	0.541	0.276	0.266
1763	0.540	0.275	0.265
1764	0.539	0.275	0.265
1765	0.538	0.274	0.264
1766	0.538	0.274	0.264
1767	0.537	0.274	0.264
1768	0.536	0.273	0.263
1769	0.536	0.273	0.263
1770	0.535	0.273	0.263
1771	0.535	0.273	0.263
1772	0.535	0.273	0.263
1773	0.535	0.272	0.262
1774	0.534	0.272	0.262
1775	0.534	0.272	0.262
1776	0.534	0.272	0.262
1777	0.534	0.272	0.262
1778	0.534	0.272	0.262
1779	0.533	0.272	0.262
1780	0.533	0.272	0.262
1781	0.533	0.271	0.261
1782	0.532	0.271	0.261
1783	0.532	0.271	0.261
1784	0.532	0.271	0.261
1785	0.531	0.270	0.260
1786	0.530	0.270	0.260
1787	0.530	0.270	0.260
1788	0.530	0.270	0.260
1789	0.530	0.270	0.260
1790	0.529	0.270	0.260
1791	0.530	0.270	0.260
1792	0.529	0.270	0.260
1793	0.529	0.270	0.260
1794	0.529	0.270	0.260
1795	0.530	0.270	0.260
1796	0.529	0.270	0.260
1797	0.530	0.270	0.260
1798	0.530	0.270	0.260
1799	0.530	0.270	0.260
1800	0.531	0.270	0.260
1801	0.531	0.271	0.261
1802	0.531	0.271	0.261
1803	0.532	0.271	0.261
1804	0.532	0.271	0.261
1805	0.532	0.271	0.261
1806	0.533	0.271	0.261
1807	0.533	0.271	0.261
1808	0.532	0.271	0.261
1809	0.532	0.271	0.261
1810	0.533	0.271	0.261
1811	0.532	0.271	0.261
1812	0.532	0.271	0.261
1813	0.532	0.271	0.261
1814	0.532	0.271	0.261
1815	0.533	0.271	0.261
1816	0.532	0.271	0.261
1817	0.532	0.271	0.261
1818	0.532	0.271	0.261
1819	0.532	0.271	0.261
1820	0.532	0.271	0.261
1821	0.532	0.271	0.261
1822	0.532	0.271	0.261
1823	0.532	0.271	0.261
1824	0.532	0.271	0.261
1825	0.532	0.271	0.261
1826	0.532	0.271	0.261
1827	0.532	0.271	0.261
1828	0.531	0.271	0.261
1829	0.531	0.270	0.261
1830	0.530	0.270	0.260
1831	0.530	0.270	0.260
1832	0.529	0.269	0.259
1833	0.528	0.269	0.259
1834	0.528	0.269	0.259
1835	0.526	0.268	0.258
1836	0.526	0.268	0.258
1837	0.525	0.267	0.258
1838	0.524	0.267	0.257
1839	0.523	0.266	0.256
1840	0.521	0.266	0.256
1841	0.520	0.265	0.255
1842	0.518	0.264	0.254
1843	0.516	0.263	0.253
1844	0.514	0.262	0.252
1845	0.512	0.261	0.251
1846	0.510	0.260	0.250
1847	0.508	0.259	0.249
1848	0.505	0.257	0.247
1849	0.502	0.256	0.246
1850	0.499	0.254	0.244
1851	0.496	0.253	0.243
1852	0.491	0.250	0.241
1853	0.487	0.249	0.239
1854	0.483	0.247	0.237
1855	0.480	0.245	0.235
1856	0.475	0.243	0.233
1857	0.470	0.240	0.230
1858	0.465	0.237	0.228
1859	0.460	0.235	0.225
1860	0.454	0.232	0.222
1861	0.448	0.229	0.219
1862	0.439	0.224	0.214
1863	0.432	0.221	0.211
1864	0.424	0.217	0.207
1865	0.417	0.213	0.204
1866	0.409	0.209	0.199
1867	0.401	0.205	0.196
1868	0.392	0.201	0.191
1869	0.385	0.197	0.188
1870	0.372	0.191	0.181
1871	0.362	0.186	0.176
1872	0.353	0.181	0.172
1873	0.342	0.176	0.167
1874	0.333	0.171	0.162
1875	0.322	0.166	0.156
1876	0.312	0.161	0.151
1877	0.296	0.153	0.144
1878	0.285	0.147	0.138
1879	0.275	0.142	0.133
1880	0.264	0.137	0.128
1881	0.253	0.131	0.122
1882	0.243	0.126	0.117
1883	0.228	0.119	0.110
1884	0.218	0.114	0.105
1885	0.209	0.109	0.100
1886	0.200	0.104	0.096
1887	0.190	0.099	0.091
1888	0.179	0.094	0.085
1889	0.171	0.090	0.081
1890	0.164	0.086	0.078
1891	0.157	0.082	0.074
1892	0.150	0.079	0.071
1893	0.142	0.075	0.067
1894	0.136	0.072	0.064
1895	0.131	0.069	0.062
1896	0.126	0.067	0.059
1897	0.123	0.065	0.057
1898	0.117	0.062	0.055
1899	0.114	0.061	0.053
1900	0.110	0.059	0.052
1901	0.107	0.057	0.050
1902	0.104	0.056	0.048
1903	0.101	0.054	0.047
1904	0.099	0.053	0.046
1905	0.098	0.052	0.045
1906	0.095	0.051	0.044
1907	0.094	0.050	0.043
1908	0.092	0.050	0.043
1909	0.091	0.049	0.042
1910	0.089	0.048	0.041
1911	0.088	0.048	0.041
1912	0.087	0.047	0.040
1913	0.087	0.047	0.040
1914	0.085	0.046	0.039
1915	0.085	0.046	0.039
1916	0.084	0.045	0.039
1917	0.084	0.045	0.038
1918	0.083	0.045	0.038
1919	0.082	0.045	0.038
1920	0.082	0.044	0.038
1921	0.082	0.044	0.037
1922	0.081	0.044	0.037
1923	0.081	0.044	0.037
1924	0.081	0.044	0.037
1925	0.081	0.044	0.037
1926	0.081	0.044	0.037
1927	0.081	0.044	0.037
1928	0.081	0.044	0.037
1929	0.081	0.044	0.037
1930	0.081	0.044	0.037
1931	0.081	0.044	0.037
1932	0.081	0.044	0.037
1933	0.081	0.044	0.037
1934	0.081	0.044	0.037
1935	0.082	0.044	0.038
1936	0.082	0.044	0.038
1937	0.083	0.045	0.038
1938	0.083	0.045	0.038
1939	0.083	0.045	0.038
1940	0.084	0.045	0.039
1941	0.084	0.046	0.039
1942	0.085	0.046	0.039
1943	0.086	0.046	0.039
1944	0.086	0.046	0.040
1945	0.087	0.047	0.040
1946	0.087	0.047	0.040
1947	0.088	0.048	0.041
1948	0.089	0.048	0.041
1949	0.090	0.048	0.041
1950	0.090	0.049	0.042
1951	0.091	0.049	0.042
1952	0.092	0.049	0.043
1953	0.093	0.050	0.043
1954	0.094	0.050	0.043
1955	0.095	0.051	0.044
1956	0.095	0.051	0.044
1957	0.096	0.052	0.045
1958	0.097	0.052	0.045
1959	0.098	0.053	0.046
1960	0.099	0.053	0.046
1961	0.100	0.054	0.046
1962	0.101	0.054	0.047
1963	0.102	0.055	0.047
1964	0.103	0.055	0.048
1965	0.104	0.056	0.049
1966	0.105	0.056	0.049
1967	0.107	0.057	0.050
1968	0.108	0.057	0.050
1969	0.109	0.058	0.051
1970	0.110	0.059	0.051
1971	0.111	0.059	0.052
1972	0.112	0.060	0.052
1973	0.113	0.060	0.053
1974	0.115	0.061	0.054
1975	0.116	0.062	0.054
1976	0.117	0.062	0.055
1977	0.118	0.063	0.055
1978	0.120	0.064	0.056
1979	0.121	0.064	0.056
1980	0.122	0.065	0.057
1981	0.123	0.065	0.058
1982	0.124	0.066	0.058
1983	0.126	0.067	0.059
1984	0.127	0.067	0.060
1985	0.129	0.068	0.060
1986	0.130	0.069	0.061
1987	0.131	0.069	0.062
1988	0.132	0.070	0.062
1989	0.134	0.071	0.063
1990	0.135	0.071	0.064
1991	0.136	0.072	0.064
1992	0.138	0.073	0.065
1993	0.139	0.074	0.066
1994	0.140	0.074	0.066
1995	0.142	0.075	0.067
1996	0.143	0.075	0.067
1997	0.145	0.076	0.068
1998	0.146	0.077	0.069
1999	0.147	0.078	0.070
2000	0.148	0.078	0.070
2001	0.150	0.079	0.071
2002	0.151	0.080	0.072
2003	0.153	0.080	0.072
2004	0.154	0.081	0.073
2005	0.156	0.082	0.074
2006	0.157	0.082	0.074
2007	0.158	0.083	0.075
2008	0.159	0.084	0.076
2009	0.161	0.085	0.076
2010	0.162	0.085	0.077
2011	0.164	0.086	0.078
2012	0.165	0.086	0.078
2013	0.166	0.087	0.079
2014	0.167	0.088	0.079
2015	0.169	0.089	0.080
2016	0.170	0.089	0.081
2017	0.171	0.090	0.082
2018	0.172	0.090	0.082
2019	0.174	0.091	0.083
2020	0.175	0.092	0.083
2021	0.176	0.092	0.084
2022	0.178	0.093	0.085
2023	0.178	0.093	0.085
2024	0.180	0.094	0.086
2025	0.181	0.095	0.086
2026	0.182	0.095	0.087
2027	0.183	0.096	0.087
2028	0.184	0.096	0.088
2029	0.186	0.097	0.089
2030	0.187	0.098	0.089
2031	0.188	0.098	0.090
2032	0.189	0.099	0.090
2033	0.190	0.099	0.091
2034	0.191	0.100	0.091
2035	0.192	0.100	0.092
2036	0.193	0.101	0.092
2037	0.194	0.101	0.093
2038	0.195	0.102	0.093
2039	0.196	0.102	0.094
2040	0.197	0.103	0.094
2041	0.198	0.104	0.095
2042	0.199	0.104	0.095
2043	0.200	0.104	0.096
2044	0.201	0.105	0.096
2045	0.202	0.105	0.097
2046	0.203	0.106	0.097
2047	0.204	0.106	0.098
2048	0.205	0.107	0.098
2049	0.206	0.107	0.098
2050	0.207	0.108	0.099
2051	0.208	0.108	0.100
2052	0.209	0.109	0.100
2053	0.210	0.109	0.100
2054	0.211	0.110	0.101
2055	0.211	0.110	0.101
2056	0.213	0.111	0.102
2057	0.213	0.111	0.102
2058	0.215	0.112	0.103
2059	0.216	0.112	0.103
2060	0.217	0.113	0.104
2061	0.218	0.113	0.105
2062	0.219	0.114	0.105
2063	0.220	0.114	0.106
2064	0.221	0.115	0.106
2065	0.222	0.116	0.107
2066	0.223	0.116	0.107
2067	0.224	0.117	0.108
2068	0.226	0.117	0.108
2069	0.227	0.118	0.109
2070	0.228	0.118	0.109
2071	0.229	0.119	0.110
2072	0.230	0.119	0.110
2073	0.231	0.120	0.111
2074	0.232	0.121	0.112
2075	0.233	0.121	0.112
2076	0.234	0.122	0.113
2077	0.236	0.122	0.113
2078	0.236	0.123	0.114
2079	0.238	0.123	0.114
2080	0.239	0.124	0.115
2081	0.239	0.124	0.115
2082	0.241	0.125	0.116
2083	0.242	0.125	0.116
2084	0.242	0.126	0.117
2085	0.244	0.126	0.117
2086	0.245	0.127	0.118
2087	0.246	0.127	0.118
2088	0.247	0.128	0.119
2089	0.248	0.128	0.119
2090	0.249	0.129	0.120
2091	0.250	0.129	0.120
2092	0.251	0.130	0.121
2093	0.252	0.130	0.121
2094	0.253	0.131	0.122
2095	0.254	0.131	0.122
2096	0.254	0.132	0.123
2097	0.256	0.132	0.123
2098	0.256	0.133	0.124
2099	0.257	0.133	0.124
2100	0.258	0.134	0.125
2101	0.260	0.134	0.125
2102	0.260	0.135	0.126
2103	0.261	0.135	0.126
2104	0.262	0.136	0.127
2105	0.263	0.136	0.127
2106	0.264	0.137	0.127
2107	0.265	0.137	0.128
2108	0.266	0.138	0.128
2109	0.267	0.138	0.129
2110	0.268	0.138	0.129
2111	0.269	0.139	0.130
2112	0.269	0.139	0.130
2113	0.270	0.140	0.131
2114	0.271	0.140	0.131
2115	0.272	0.140	0.131
2116	0.273	0.141	0.132
2117	0.274	0.141	0.132
2118	0.274	0.142	0.133
2119	0.275	0.142	0.133
2120	0.276	0.143	0.134
2121	0.277	0.143	0.134
2122	0.278	0.144	0.134
2123	0.279	0.144	0.135
2124	0.280	0.144	0.135
2125	0.281	0.145	0.136
2126	0.281	0.145	0.136
2127	0.282	0.146	0.136
2128	0.283	0.146	0.137
2129	0.284	0.146	0.137
2130	0.284	0.147	0.138
2131	0.285	0.147	0.138
2132	0.286	0.147	0.138
2133	0.286	0.148	0.139
2134	0.287	0.148	0.139
2135	0.288	0.148	0.139
2136	0.288	0.149	0.140
2137	0.289	0.149	0.140
2138	0.289	0.149	0.140
2139	0.290	0.150	0.140
2140	0.291	0.150	0.141
2141	0.291	0.150	0.141
2142	0.292	0.151	0.141
2143	0.292	0.151	0.141
2144	0.293	0.151	0.142
2145	0.293	0.151	0.142
2146	0.294	0.152	0.142
2147	0.295	0.152	0.143
2148	0.295	0.152	0.143
2149	0.295	0.152	0.143
2150	0.296	0.153	0.143
2151	0.297	0.153	0.144
2152	0.297	0.153	0.144
2153	0.298	0.154	0.144
2154	0.298	0.154	0.145
2155	0.299	0.154	0.145
2156	0.300	0.154	0.145
2157	0.300	0.155	0.145
2158	0.300	0.155	0.146
2159	0.301	0.155	0.146
2160	0.301	0.155	0.146
2161	0.302	0.156	0.146
2162	0.302	0.156	0.146
2163	0.303	0.156	0.147
2164	0.303	0.156	0.147
2165	0.304	0.156	0.147
2166	0.304	0.157	0.147
2167	0.305	0.157	0.148
2168	0.305	0.157	0.148
2169	0.306	0.157	0.148
2170	0.306	0.158	0.148
2171	0.306	0.158	0.149
2172	0.307	0.158	0.149
2173	0.307	0.158	0.149
2174	0.308	0.159	0.149
2175	0.308	0.159	0.150
2176	0.309	0.159	0.150
2177	0.309	0.159	0.150
2178	0.310	0.160	0.150
2179	0.311	0.160	0.151
2180	0.311	0.160	0.151
2181	0.312	0.161	0.151
2182	0.313	0.161	0.152
2183	0.313	0.161	0.152
2184	0.314	0.162	0.152
2185	0.314	0.162	0.152
2186	0.315	0.162	0.153
2187	0.315	0.162	0.153
2188	0.316	0.163	0.153
2189	0.317	0.163	0.154
2190	0.317	0.163	0.154
2191	0.318	0.163	0.154
2192	0.318	0.164	0.154
2193	0.318	0.164	0.155
2194	0.319	0.164	0.155
2195	0.319	0.164	0.155
2196	0.319	0.164	0.155
2197	0.320	0.164	0.155
2198	0.320	0.165	0.155
2199	0.320	0.165	0.155
2200	0.320	0.165	0.155
2201	0.321	0.165	0.156
2202	0.321	0.165	0.156
2203	0.321	0.165	0.156
2204	0.321	0.165	0.156
2205	0.322	0.166	0.156
2206	0.322	0.166	0.156
2207	0.322	0.166	0.156
2208	0.323	0.166	0.157
2209	0.323	0.166	0.157
2210	0.323	0.166	0.157
2211	0.324	0.167	0.157
2212	0.324	0.167	0.157
2213	0.324	0.167	0.157
2214	0.324	0.167	0.157
2215	0.324	0.167	0.157
2216	0.324	0.167	0.157
2217	0.324	0.167	0.157
2218	0.324	0.167	0.157
2219	0.324	0.167	0.157
2220	0.324	0.167	0.157
2221	0.324	0.167	0.157
2222	0.324	0.167	0.157
2223	0.324	0.167	0.157
2224	0.324	0.167	0.157
2225	0.324	0.167	0.157
2226	0.323	0.166	0.157
2227	0.323	0.166	0.157
2228	0.322	0.166	0.157
2229	0.322	0.166	0.156
2230	0.321	0.165	0.156
2231	0.321	0.165	0.156
2232	0.320	0.165	0.155
2233	0.319	0.164	0.155
2234	0.319	0.164	0.155
2235	0.318	0.164	0.154
2236	0.317	0.163	0.154
2237	0.316	0.163	0.153
2238	0.315	0.162	0.153
2239	0.314	0.162	0.152
2240	0.313	0.161	0.152
2241	0.311	0.160	0.151
2242	0.310	0.160	0.150
2243	0.309	0.159	0.150
2244	0.308	0.158	0.149
2245	0.306	0.158	0.148
2246	0.305	0.157	0.148
2247	0.303	0.156	0.147
2248	0.302	0.156	0.146
2249	0.301	0.155	0.146
2250	0.299	0.154	0.145
2251	0.298	0.154	0.144
2252	0.297	0.153	0.144
2253	0.295	0.152	0.143
2254	0.294	0.151	0.142
2255	0.292	0.151	0.141
2256	0.291	0.150	0.141
2257	0.289	0.149	0.140
2258	0.288	0.149	0.139
2259	0.287	0.148	0.139
2260	0.285	0.147	0.138
2261	0.284	0.147	0.137
2262	0.283	0.146	0.137
2263	0.282	0.145	0.136
2264	0.280	0.145	0.135
2265	0.279	0.144	0.135
2266	0.278	0.143	0.134
2267	0.277	0.143	0.134
2268	0.275	0.142	0.133
2269	0.274	0.142	0.132
2270	0.273	0.141	0.132
2271	0.272	0.141	0.131
2272	0.271	0.140	0.131
2273	0.270	0.140	0.130
2274	0.269	0.139	0.130
2275	0.268	0.138	0.129
2276	0.267	0.138	0.129
2277	0.266	0.137	0.128
2278	0.265	0.137	0.128
2279	0.264	0.136	0.127
2280	0.263	0.136	0.127
2281	0.262	0.136	0.127
2282	0.261	0.135	0.126
2283	0.260	0.135	0.126
2284	0.259	0.134	0.125
2285	0.258	0.134	0.125
2286	0.257	0.133	0.124
2287	0.256	0.132	0.123
2288	0.255	0.132	0.123
2289	0.254	0.131	0.122
2290	0.252	0.131	0.122
2291	0.252	0.130	0.121
2292	0.250	0.130	0.121
2293	0.250	0.129	0.120
2294	0.249	0.129	0.120
2295	0.248	0.128	0.119
2296	0.247	0.128	0.119
2297	0.246	0.127	0.118
2298	0.245	0.127	0.118
2299	0.244	0.126	0.117
2300	0.243	0.126	0.117
2301	0.242	0.125	0.117
2302	0.241	0.125	0.116
2303	0.240	0.125	0.116
2304	0.239	0.124	0.115
2305	0.239	0.124	0.115
2306	0.237	0.123	0.114
2307	0.237	0.123	0.114
2308	0.236	0.123	0.114
2309	0.236	0.122	0.113
2310	0.235	0.122	0.113
2311	0.235	0.122	0.113
2312	0.234	0.122	0.113
2313	0.234	0.121	0.112
2314	0.233	0.121	0.112
2315	0.232	0.121	0.112
2316	0.232	0.120	0.111
2317	0.231	0.120	0.111
2318	0.231	0.120	0.111
2319	0.231	0.120	0.111
2320	0.230	0.119	0.111
2321	0.230	0.119	0.110
2322	0.228	0.119	0.110
2323	0.228	0.118	0.110
2324	0.227	0.118	0.109
2325	0.227	0.118	0.109
2326	0.226	0.117	0.109
2327	0.226	0.117	0.108
2328	0.224	0.116	0.108
2329	0.224	0.116	0.107
2330	0.223	0.116	0.107
2331	0.222	0.115	0.107
2332	0.221	0.115	0.106
2333	0.221	0.115	0.106
2334	0.220	0.114	0.105
2335	0.218	0.114	0.105
2336	0.218	0.113	0.104
2337	0.217	0.113	0.104
2338	0.216	0.112	0.104
2339	0.215	0.112	0.103
2340	0.214	0.111	0.103
2341	0.213	0.111	0.102
2342	0.213	0.111	0.102
2343	0.212	0.110	0.102
2344	0.211	0.110	0.101
2345	0.210	0.110	0.101
2346	0.209	0.109	0.100
2347	0.209	0.109	0.100
2348	0.208	0.108	0.100
2349	0.208	0.108	0.099
2350	0.207	0.108	0.099
2351	0.206	0.107	0.099
2352	0.205	0.107	0.098
2353	0.205	0.107	0.098
2354	0.204	0.106	0.098
2355	0.204	0.106	0.098
2356	0.203	0.106	0.097
2357	0.202	0.105	0.097
2358	0.202	0.105	0.096
2359	0.201	0.105	0.096
2360	0.201	0.105	0.096
2361	0.200	0.104	0.096
2362	0.199	0.104	0.095
2363	0.198	0.104	0.095
2364	0.198	0.103	0.095
2365	0.197	0.103	0.094
2366	0.196	0.102	0.094
2367	0.196	0.102	0.094
2368	0.195	0.102	0.093
2369	0.194	0.101	0.093
2370	0.194	0.101	0.093
2371	0.193	0.101	0.092
2372	0.192	0.100	0.092
2373	0.191	0.100	0.091
2374	0.191	0.100	0.091
2375	0.190	0.099	0.091
2376	0.189	0.099	0.090
2377	0.189	0.099	0.090
2378	0.188	0.098	0.090
2379	0.187	0.098	0.089
2380	0.186	0.097	0.089
2381	0.186	0.097	0.089
2382	0.185	0.097	0.088
2383	0.184	0.096	0.088
2384	0.183	0.096	0.087
2385	0.182	0.095	0.087
2386	0.182	0.095	0.087
2387	0.181	0.095	0.086
2388	0.180	0.094	0.086
2389	0.179	0.094	0.085
2390	0.179	0.093	0.085
2391	0.178	0.093	0.085
2392	0.177	0.093	0.084
2393	0.176	0.092	0.084
2394	0.175	0.092	0.083
2395	0.175	0.092	0.083
2396	0.173	0.091	0.083
2397	0.173	0.091	0.082
2398	0.172	0.090	0.082
2399	0.172	0.090	0.082
2400	0.170	0.089	0.081
2401	0.170	0.089	0.081
2402	0.169	0.089	0.080
2403	0.169	0.088	0.080
2404	0.167	0.088	0.079
2405	0.166	0.087	0.079
2406	0.166	0.087	0.079
2407	0.165	0.086	0.078
2408	0.164	0.086	0.078
2409	0.163	0.086	0.078
2410	0.163	0.085	0.077
2411	0.162	0.085	0.077
2412	0.161	0.084	0.076
2413	0.160	0.084	0.076
2414	0.159	0.083	0.075
2415	0.158	0.083	0.075
2416	0.157	0.083	0.074
2417	0.156	0.082	0.074
2418	0.155	0.082	0.073
2419	0.154	0.081	0.073
2420	0.154	0.081	0.073
2421	0.152	0.080	0.072
2422	0.151	0.080	0.072
2423	0.151	0.079	0.071
2424	0.150	0.079	0.071
2425	0.149	0.078	0.070
2426	0.148	0.078	0.070
2427	0.147	0.078	0.070
2428	0.146	0.077	0.069
2429	0.145	0.077	0.069
2430	0.144	0.076	0.068
2431	0.143	0.075	0.067
2432	0.142	0.075	0.067
2433	0.141	0.075	0.067
2434	0.141	0.074	0.066
2435	0.139	0.074	0.066
2436	0.139	0.073	0.065
2437	0.138	0.073	0.065
2438	0.137	0.072	0.064
2439	0.136	0.072	0.064
2440	0.135	0.072	0.064
2441	0.134	0.071	0.063
2442	0.133	0.070	0.063
2443	0.132	0.070	0.062
2444	0.131	0.069	0.062
2445	0.130	0.069	0.061
2446	0.129	0.069	0.061
2447	0.128	0.068	0.060
2448	0.127	0.068	0.060
2449	0.127	0.067	0.059
2450	0.125	0.067	0.059
2451	0.125	0.066	0.058
2452	0.124	0.066	0.058
2453	0.123	0.065	0.057
2454	0.122	0.065	0.057
2455	0.121	0.064	0.057
2456	0.120	0.064	0.056
2457	0.119	0.063	0.056
2458	0.119	0.063	0.055
2459	0.117	0.062	0.055
2460	0.117	0.062	0.055
2461	0.116	0.062	0.054
2462	0.115	0.061	0.054
2463	0.114	0.061	0.053
2464	0.114	0.061	0.053
2465	0.113	0.060	0.053
2466	0.112	0.060	0.052
2467	0.111	0.059	0.052
2468	0.110	0.059	0.051
2469	0.110	0.059	0.051
2470	0.109	0.058	0.051
2471	0.108	0.058	0.050
2472	0.108	0.058	0.050
2473	0.107	0.057	0.050
2474	0.106	0.057	0.049
2475	0.106	0.056	0.049
2476	0.105	0.056	0.049
2477	0.104	0.056	0.049
2478	0.104	0.055	0.048
2479	0.103	0.055	0.048
2480	0.103	0.055	0.048
2481	0.102	0.055	0.047
2482	0.101	0.054	0.047
2483	0.101	0.054	0.047
2484	0.101	0.054	0.047
2485	0.100	0.054	0.046
2486	0.099	0.053	0.046
2487	0.099	0.053	0.046
2488	0.098	0.053	0.046
2489	0.097	0.052	0.045
2490	0.097	0.052	0.045
2491	0.096	0.052	0.045
2492	0.096	0.051	0.044
2493	0.095	0.051	0.044
2494	0.095	0.051	0.044
2495	0.095	0.051	0.044
2496	0.095	0.051	0.044
2497	0.094	0.051	0.044
2498	0.094	0.051	0.044
2499	0.093	0.050	0.043
2500	0.093	0.050	0.043
